DUNGEON_NUM=1
EQCOUNT=12
CURR_WEAPON=0
G,H=1,13
CURR_MONSTER=10
1 1 1 1 1 1 1 1 1 1 1 1 1 1 1 1 1 1 1 1 1 1 1 1 1 1 
1 0 2 8 1 0 0 5 7 5 0 0 0 0 0 0 1 0 0 0 7 0 7 0 0 1 
1 0 1 0 1 1 1 0 1 5 0 1 3 0 1 0 0 0 3 1 4 6 3 0 4 1 
1 0 1 0 0 5 0 0 2 6 1 0 0 0 7 0 1 0 7 0 1 0 1 6 0 1 
1 6 3 1 1 3 1 1 1 1 1 0 1 0 1 8 1 0 1 0 1 0 1 0 1 1 
1 8 0 7 3 2 0 0 0 0 0 5 0 0 1 0 8 0 1 7 0 0 0 5 0 1 
1 0 1 0 0 0 1 1 1 0 1 1 3 0 1 8 1 1 1 0 1 3 1 0 1 1 
1 0 1 7 1 0 0 0 4 0 2 0 0 7 1 0 1 0 6 0 1 0 7 8 0 1 
1 1 1 8 1 1 1 0 1 0 1 3 4 7 3 1 3 0 1 1 1 6 3 1 0 1 
1 7 0 0 5 0 1 2 0 0 1 0 1 8 6 0 0 0 1 0 0 8 1 8 0 1 
1 0 1 1 1 0 3 3 1 8 1 8 1 1 7 4 0 1 1 5 4 1 1 0 1 1 
1 0 1 0 0 0 0 0 0 6 0 0 0 0 0 5 7 8 1 0 0 7 1 0 0 1 
0 2 1 1 1 1 4 6 1 0 1 1 4 1 1 4 1 1 3 1 3 5 0 0 1 1 
1 0 0 0 1 8 0 2 1 0 0 0 3 0 0 0 7 0 0 8 1 0 0 2 7 1 
1 1 1 8 1 0 1 3 1 4 1 0 1 8 1 1 1 0 1 2 1 1 0 6 1 1 
1 0 0 6 1 0 0 8 0 0 0 0 1 7 6 0 0 0 3 0 2 0 1 0 0 1 
1 0 3 1 1 7 1 8 1 0 1 0 0 6 3 8 4 1 1 1 1 1 1 0 1 1 
1 0 1 8 0 0 1 2 4 0 1 0 1 0 1 0 8 5 1 8 0 0 0 0 0 1 
1 2 1 6 0 1 1 1 0 0 1 7 1 2 1 3 0 0 8 0 3 1 1 1 1 1 
1 2 0 0 1 6 0 0 0 0 1 8 7 0 1 0 1 0 3 0 0 0 0 0 0 1 
1 0 1 1 1 0 1 0 1 0 1 4 0 1 3 0 1 0 3 1 1 0 1 8 1 1 
1 0 8 7 0 0 1 0 0 0 6 0 5 0 1 8 1 0 8 0 0 0 1 7 8 1 
1 1 1 0 4 3 1 0 1 0 1 3 1 0 0 0 1 0 0 1 3 1 0 2 1 1 
1 2 2 0 0 2 0 0 0 0 1 0 7 0 7 0 3 0 0 8 0 5 0 6 0 1 
1 0 6 5 0 0 0 0 2 0 1 2 1 0 1 7 1 0 1 7 0 0 1 0 4 1 
1 1 1 1 1 1 1 1 1 1 1 1 1 1 1 1 1 1 1 1 1 1 1 1 1 1 
GEAR[1]=11
GEAR[2]=11
GEAR[3]=11
GEAR[4]=12
GEAR[5]=12
GEAR[6]=12
GEAR[7]=11
GEAR[8]=11
GEAR[9]=12
GEAR[10]=12
GEAR[11]=8
GEAR[12]=3
MAN
1 13 26 26 500 500 
GOBLIN
1 13 24 24 600 600 
TROLL
1 15 35 35 1000 1000 
SKELETON
1 22 12 12 50 50 
BALROG
1 18 110 110 5000 5000 
OCHRE JELLY
1 11 20 20 0 0 
GREY DOZE
1 11 13 13 0 0 
GNOME
1 13 30 30 100 100 
KOBOLD
1 15 16 16 500 500 
MUMMY
1 16 30 30 100 100 
WIZARD
40
STR
18
DEX
5
CON
9
CHAR
9
WIS
14
INT
13
GOLD
201
MARC
5
23
SWORD
2-H-SWORD
DAGGER
MACE
SPEAR
BOW
ARROWS
LEATHER MAIL
CHAIN MAIL
TLTE MAIL
ROPE
SPIKES
FLASK OF OIL
SILVER CROSS
SPARE FOOD
0
0
23
5
